init(0, 18.33    ,  12.39    , -2.2      ,  35       ,  90       ,  6.5      )
sync(0)
move(0, 18.33    ,  12.39    , -2.2      ,  35       ,  90       ,  6.5      )
start(0)
speed(0,8, 8, 8, 8, 8, 8)
move(0, 25.21    ,  5.519    , -2.2      ,  35       ,  90       ,  6.5      )
start(0)
move(0, 28.65    ,  2.082    , -2.2      ,  35       ,  90       ,  6.5      )
start(0)
move(0, 28.65    , -3.648    , -4.2      ,  35       ,  90       ,  6.5      )
start(0)
sync(0)
move(0, 28.65    , -3.648    , -4.2      ,  35       ,  90       ,  6.5      )
start(0)
speed(0,8, 8, 8, 8, 8, 8)
speed(0,8, 8, 8, 7, 8, 8)
speed(0,8, 8, 8, 6, 8, 8)
speed(0,8, 8, 8, 5, 8, 8)
move(0, 28.65    , -13.96    , -4.2      , -38.13    ,  90       ,  6.5      )
start(0)
move(0, 28.65    , -18.54    , -4.2      , -65       ,  90       ,  0.3      )
start(0)
sync(0)
move(0, 28.65    , -18.54    , -4.2      , -65       ,  90       ,  0.3      )
start(0)
speed(0,8, 8, 8, 5, 8, 8)
move(0, 28.65    , -13.96    , -4.2      , -19.16    ,  90       ,  0.3      )
start(0)
move(0, 22.92    , -9.377    , -4.2      , -19.16    ,  90       ,  0.3      )
start(0)
move(0, 17.19    , -4.794    , -5.8      , -19.16    ,  90       ,  0.3      )
start(0)
sync(0)
sync(0)
sync(0)
move(0, 17.19    , -4.794    , -5.8      , -19.16    ,  90       ,  0.3      )
start(0)
speed(0,8, 8, 8, 5, 8, 8)
move(0, 10.31    , -0.2101   , -5.8      , -19.16    ,  21.25    ,  0.3      )
start(0)
move(0,-1.708e-06,  6.665    , -5.8      , -19.16    ,  21.25    ,  0.3      )
start(0)
move(0,-10.31    ,  0.9358   , -5.8      , -19.16    ,  21.25    ,  0.3      )
start(0)
move(0,-13.75    , -5.94     , -5.8      , -19.16    ,  21.25    ,  0.3      )
start(0)
move(0,-19.48    , -13.96    , -4.6      , -19.16    ,  21.25    ,  0.3      )
start(0)
sync(0)
move(0,-19.48    , -13.96    , -4.6      , -19.16    ,  21.25    ,  0.3      )
start(0)
speed(0,8, 8, 8, 5, 8, 8)
move(0,-40.11    , -21.98    , -4.6      , -19.16    ,  21.25    ,  0.3      )
start(0)
move(0,-44.69    , -31.15    , -1.8      , -19.16    ,  21.25    ,  0.3      )
start(0)
sync(0)
move(0,-44.69    , -31.15    , -1.8      , -19.16    ,  21.25    ,  0.3      )
start(0)
speed(0,8, 8, 8, 5, 8, 8)
move(0,-55       , -39.17    , -1.8      , -19.16    ,  21.25    ,  0.3      )
start(0)
move(0,-55       , -44.9     ,  0        , -19.16    ,  73.96    ,  0.3      )
start(0)
sync(0)
move(0,-55       , -44.9     ,  0        , -19.16    ,  73.96    ,  0.3      )
start(0)
speed(0,8, 8, 8, 5, 8, 8)
move(0,-55       , -50.63    ,  0        , -19.16    ,  73.96    ,  5        )
start(0)
move(0,-61.88    , -31.15    ,  0        , -19.16    ,  73.96    ,  5        )
start(0)
move(0,-69.9     , -25.42    ,  0        , -19.16    ,  73.96    ,  5        )
start(0)
move(0,-69.9     , -25.42    , -9.4      , -19.16    ,  73.96    ,  5        )
start(0)
sync(0)
move(0,-69.9     , -25.42    , -9.4      , -19.16    ,  73.96    ,  5        )
start(0)
speed(0,8, 8, 8, 5, 8, 8)
sync(0)
